1538667509506793472
1538667508328058882
1538667507350790144
1538667506998849537
1538667506969214976
1538667506298126337
1538667506168213504
1538667505916461056
1538667505505427456
1538667505161342976
1538667504486166529
1538667504293273601
1538667503714451457
1538667503311892480
1538667503106379776
1538667502808580097
1538667502091153408
1538667501155930112
1538667501000744960
1538667500753145856
1538667500140912643
1538667499486646274
1538667499339890690
1538667499276754944
1538667497661997056
1538667497150365697
1538667496621981697
1538667496311599105
1538667494516609024
1538667493778427905
1538667491395874816
1538667490791727104
1538667490787606528
1538667490145841163
1538667490074628100
1538667489621573635
1538667487851696131
1538667487163666432
1538667486899490820
1538667486249467912
1538667486186713088
1538667485582479360
1538667484340965377
1538667483770535940
1538667483770458112
1538667483615440903
1538667483460157448
1538667482541588480
1538667482428342273
1538667482310774784
1538667482113888258
1538667482050924547
1538667481635627016
1538667480146534401
1538667479098064896
1538667478573846529
1538667478163025920
1538667477688885248
1538667477323984899
1538667477286232064
1538667476573102081
1538667476468215808
1538667475457527808
1538667475218440192
1538667474773635072
1538667474626945024
1538667474358480896
1538667472852660224
1538667471934193664
1538667471355387907
1538667471325888513
1538667471074381824
1538667469585276928
1538667469417611264
1538667468658315266
1538667468599840770
1538667467920269314
1538667467408547840
1538667466087202816
1538667465613357056
1538667465223327745
1538667464489574401
1538667464162164736
1538667463545499648
1538667463260389376
1538667462383882240
1538667462027202560
1538667461981130752
1538667461616226304
1538667460513112065
1538667459972108301
1538667459863093250
1538667459766538240
1538667459640799232
1538667459313532930
1538667459061882880
1538667459028389891
1538667457258434560
1538667456822005760
1538667456595632129
1538667456385933312
1538667456209772546
1538667454456553479
1538667453110177793
1538667451046858752
1538667450740330496
1538667450107146242
1538667449759023105
1538667448680972289
1538667447963643904
1538667447691235330
1538667447321915393
1538667446956986369
1538667446348828673
1538667446109863937
1538667445954744320
1538667445430407168
1538667444931153920
1538667444424032256
1538667444209954816
1538667443463172096
1538667441999339520
1538667441529753603
1538667440619536384
1538667440548241408
1538667440011354113
1538667438979571713
1538667437519867904
1538667436077088769
1538667434541973504
1538667433367568384
1538667433183318019
1538667432906309640
1538667432524623874
1538667432281534464
1538667431727620098
1538667431232581632
1538667430565797891
1538667430540722177
1538667430221955074
1538667429462691841
1538667428116316160
1538667427478876165
1538667427021602822
1538667426765733890
1538667426098839552
1538667425037697027
1538667424462974976
1538667424236679168
1538667423888449539
1538667423858950144
1538667423833985026
1538667423829635072
1538667422684745728
1538667421979906048
1538667421858512896
1538667421845815296
1538667421690642432
1538667421485125632
1538667421086760964
1538667420424228865
1538667420310720513
1538667420268625921
1538667419710853120
1538667419157336069
1538667417064329216
1538667413658550273
1538667413243297793
1538667412941328384
1538667412119224320
1538667411397820416
1538667411372658688
1538667409661255681
1538667409514582017
1538667409497739265
1538667409309040641
1538667408717660162
1538667408302301185
1538667407056818176
1538667406951796739
1538667406910009344
1538667406691815424
1538667406498975745
1538667405668409346
1538667404879876102
1538667404070465536
1538667402870792192
1538667402359373825
1538667402266824706
1538667401931276291
1538667401742458881
1538667399976730626
1538667399372742657
1538667398483566592
1538667398429315072
1538667398315839489
1538667397959360512
1538667395367194624
1538667395119710209
1538667394645778432
